%YAML:1.0
cam_overlaps: []
camera_model: "pinhole"
focal: 2.5600000000000000e+03
D: [0.0, 0.0, 0.0, 0.0]
KMat: !!opencv-matrix
    rows:3
    cols:3
    dt:d
    data:[2560.0, 0.0, 1920.0, 0.0, 2560.0, 1080.0, 0.0, 0.0, 1.0]
distortion_model: radtan
RMat: !!opencv-matrix
   rows: 3
   cols: 3
   dt: f
   data: [1.0, 0.0, 0.0,
          0.0, 1.0, 0.0,
          0.0, 0.0, 1.0]
EYEMat: !!opencv-matrix
    rows:3
    cols:3
    dt:u
    data:[1,0,0,0,1,0,0,0,1]
K: [2560.0, 0.0, 1920.0, 0.0, 2560.0, 1080.0, 0.0, 0.0, 1.0]
R: [1.0, 0.0, 0.0, 0.0, 1.0, 0.0, 0.0, 0.0, 1.0]
resolution: [3840, 2160]
rostopic: "/cam0/image_raw"

